1 245.33 197.91 696.13 416.57
1 240.84 427.64 694.74 653.23
1 234.35 672.54 694.26 887.57
1 241.12 904.64 693.12 1115.09
1 243.60 1142.54 695.41 1358.71
1 895.69 186.05 1355.74 405.25
1 886.48 427.35 1359.43 648.40
1 889.03 664.98 1361.27 889.71
1 890.52 906.28 1364.95 1121.80
1 890.52 1136.54 1361.27 1353.90
1 1552.67 190.99 1990.65 417.95
1 1556.25 427.64 1998.95 650.46
1 1559.93 667.07 1996.19 882.96
1 1550.59 898.19 2001.72 1114.62
1 1550.94 1140.78 1993.83 1347.45
0 86.96 200.50 242.93 413.18
0 714.38 431.88 886.99 644.56
0 73.73 431.14 241.28 650.44
0 74.68 675.97 229.77 883.92
0 80.35 907.55 239.59 1111.73
0 86.96 1144.81 244.82 1355.61
0 724.07 188.97 890.43 401.65
0 712.30 667.91 888.03 884.75
0 717.50 910.18 890.11 1117.67
0 716.46 1139.97 889.07 1349.54
0 1371.74 194.17 1551.74 411.01
0 1374.97 430.20 1556.94 647.04
0 1387.45 671.43 1557.98 878.91
0 1386.41 902.26 1550.70 1109.74
0 1383.29 1144.53 1547.58 1343.70
1 252.22 0.00 695.24 179.84
1 879.47 2.19 1355.39 173.26
1 1539.61 2.19 1991.41 179.84
1 245.64 1370.74 699.62 1544.00
1 890.43 1381.70 1355.39 1537.42
1 1544.00 1364.16 1995.80 1539.61
0 1381.70 1366.35 1544.00 1537.42
0 87.73 1366.35 243.44 1541.81
0 723.75 1381.70 886.05 1541.81
0 92.11 2.19 250.02 184.23
0 717.17 0.00 875.08 168.88
0 1377.32 0.00 1537.42 182.03
