1 236.13 199.87 696.13 302.19
1 240.95 306.04 696.13 408.25
0 85.93 204.41 241.46 299.57
0 84.51 308.81 242.60 405.10
1 238.46 554.63 689.25 656.60
1 239.32 434.85 690.11 545.59
0 79.04 553.32 237.13 654.55
0 79.04 441.81 237.13 543.04
1 232.83 781.29 689.25 887.64
1 237.22 670.34 689.25 776.69
0 75.52 783.99 234.78 885.22
0 75.52 671.88 235.95 773.11
1 239.86 1024.57 696.28 1125.91
1 242.06 907.54 696.28 1012.63
0 81.77 1021.47 240.25 1122.70
0 82.55 906.64 239.47 1010.21
1 245.03 1252.20 697.07 1357.92
1 242.06 1145.51 696.28 1244.65
0 84.90 1252.71 244.15 1353.94
0 82.55 1139.44 241.81 1242.23
1 891.18 298.31 1354.09 407.66
1 892.59 198.19 1353.31 294.39
0 720.04 190.35 892.21 290.28
0 720.90 302.06 890.49 404.57
1 890.41 543.69 1363.54 654.29
1 891.27 432.54 1364.40 536.56
0 716.60 428.38 888.77 533.47
0 716.60 546.97 888.77 652.91
1 887.26 777.43 1366.98 888.03
1 885.55 664.47 1365.26 772.88
0 718.32 780.70 887.05 885.09
0 718.32 663.83 887.05 769.78
1 886.68 1015.29 1366.40 1128.08
1 887.26 905.07 1366.98 1011.28
0 718.32 1021.34 887.05 1125.73
0 718.91 903.37 887.64 1007.76
1 884.90 1252.85 1361.06 1358.58
1 889.29 1140.86 1361.06 1244.40
0 722.05 1252.38 885.91 1355.17
0 723.82 1139.05 885.91 1241.84
1 1554.75 306.21 1989.33 417.11
1 1552.03 191.55 1988.80 300.26
0 1382.74 190.88 1554.91 296.68
0 1381.14 308.37 1553.31 413.00
1 1556.82 544.20 1995.79 650.71
1 1555.06 432.25 1994.03 534.50
0 1388.77 541.38 1555.65 646.01
0 1388.18 431.04 1555.07 531.56
1 1557.53 783.67 1998.72 890.18
1 1562.35 661.89 1999.31 772.79
0 1382.90 781.44 1558.00 886.07
0 1381.72 664.64 1557.41 769.27
1 1553.02 1020.05 2005.18 1124.36
1 1554.04 903.25 2004.00 1007.56
0 1389.35 1015.04 1553.89 1119.66
0 1388.77 898.83 1553.31 1003.45
1 1547.40 1254.26 1997.37 1356.38
1 1545.84 1140.35 1995.80 1240.76
0 1382.32 1247.84 1546.86 1352.46
0 1380.76 1136.91 1545.30 1236.84
1 252.22 81.15 706.20 175.45
1 881.66 74.57 1353.19 175.45
1 1548.39 92.11 1995.80 177.65
1 241.25 1368.55 704.01 1454.08
1 877.27 1375.12 1364.16 1473.82
1 1537.42 1368.55 1989.22 1458.47
0 85.53 1364.16 241.25 1449.69
0 719.36 1375.12 879.47 1471.62
0 1377.32 1366.35 1539.61 1458.47
0 87.73 1451.89 239.06 1533.03
0 719.36 1480.40 877.27 1539.61
0 1383.90 1465.05 1541.81 1539.61
1 1546.19 1467.24 1989.22 1537.42
1 877.27 1478.20 1366.35 1541.81
1 241.25 1454.08 701.82 1537.42
0 89.92 78.95 247.83 177.65
0 719.36 76.76 883.85 160.10
0 1375.12 83.34 1548.39 173.26
0 1381.70 2.19 1541.81 72.38
0 719.36 6.58 879.47 74.57
0 89.92 2.19 245.64 72.38
1 1548.39 2.19 1982.64 85.53
1 883.85 8.77 1351.00 70.18
1 250.02 6.58 697.43 74.57
