1 0.11886273300871869 0.12817706577061033 0.33727168016330794 0.12817706577061033 0.33727168016330794 0.2697992783003754 0.11886273300871869 0.2697992783003754
1 0.11668633536818573 0.27697002323859127 0.3366011599244147 0.27697002323859127 0.3366011599244147 0.4230739513547413 0.11668633536818573 0.4230739513547413
1 0.11354290301419366 0.4355857160248316 0.33636841736215417 0.4355857160248316 0.33636841736215417 0.5748522499488605 0.11354290301419366 0.5748522499488605
1 0.11682208693545013 0.5859042954067432 0.335814268404391 0.5859042954067432 0.335814268404391 0.7222077115877077 0.11682208693545013 0.7222077115877077
1 0.11802180450161953 0.7399864180460933 0.33692256631991707 0.7399864180460933 0.33692256631991707 0.8799937314058883 0.11802180450161953 0.8799937314058883
1 0.4339598604614169 0.12049630159866369 0.6568523543436563 0.12049630159866369 0.6568523543436563 0.26246719160104975 0.4339598604614169 0.26246719160104975
1 0.4294975482715824 0.2767835838701979 0.65863727921959 0.2767835838701979 0.65863727921959 0.4199475065616797 0.4294975482715824 0.4199475065616797
1 0.4307302620140242 0.4306848007635403 0.6595297416575576 0.4306848007635403 0.6595297416575576 0.5762347888332133 0.4307302620140242 0.5762347888332133
1 0.43145259879975373 0.5869720830350746 0.661314666533491 0.5869720830350746 0.661314666533491 0.7265569076592694 0.43145259879975373 0.7265569076592694
1 0.43145259879975373 0.7361011691720349 0.6595297416575573 0.7361011691720349 0.6595297416575573 0.8768790264853255 0.43145259879975373 0.8768790264853255
1 0.7522641718014281 0.1236953501842235 0.9644624273386391 0.1236953501842235 0.9644624273386391 0.27069562141765263 0.7522641718014281 0.27069562141765263
1 0.7539972801305389 0.2769700232385914 0.9684855487720169 0.2769700232385914 0.9684855487720169 0.4212812651201876 0.7539972801305389 0.4212812651201876
1 0.7557816099197606 0.4320373825275113 0.9671445082942299 0.4320373825275113 0.9671445082942299 0.5718669088227224 0.7557816099197606 0.5718669088227224
1 0.7512528051713607 0.58172668311277 0.9698265892498026 0.58172668311277 0.9698265892498026 0.7219031838286789 0.7512528051713607 0.7219031838286789
1 0.7514254833169638 0.7388451443569525 0.9660013428553985 0.7388451443569525 0.9660013428553985 0.8727034120734876 0.7514254833169638 0.8727034120734876
0 0.04213363976379994 0.12985741066097944 0.11769940673148453 0.12985741066097944 0.11769940673148453 0.2676056528488922 0.04213363976379994 0.2676056528488922
0 0.34611587403512123 0.279714870810678 0.4297419894793593 0.279714870810678 0.4297419894793593 0.4174631129985902 0.34611587403512123 0.4174631129985902
0 0.035721998930177676 0.2792377266336462 0.11689735626063286 0.2792377266336462 0.11689735626063286 0.42127146968962514 0.035721998930177676 0.42127146968962514
0 0.03617997327543661 0.4378012587521772 0.1113206484558521 0.4378012587521772 0.1113206484558521 0.5724884288914694 0.03617997327543661 0.5724884288914694
0 0.03892781934698849 0.5877937891345683 0.1160800552440839 0.5877937891345683 0.1160800552440839 0.7200321016349631 0.03892781934698849 0.7200321016349631
0 0.042133639763799746 0.7414596059753125 0.11861535542200144 0.7414596059753125 0.11861535542200144 0.8779834193437775 0.042133639763799746 0.8779834193437775
0 0.35080834846816056 0.12238839486234551 0.43141183323369103 0.12238839486234551 0.43141183323369103 0.26013663705025797 0.35080834846816056 0.26013663705025797
0 0.345108330475551 0.4325848089187749 0.43024576125914266 0.4325848089187749 0.43024576125914266 0.573026794509473 0.345108330475551 0.573026794509473
0 0.3476271893744731 0.5894953621310505 0.4312533048187108 0.5894953621310505 0.4312533048187108 0.7238764250654809 0.3476271893744731 0.7238764250654809
0 0.3471234175946884 0.738324685134969 0.43074953303892605 0.738324685134969 0.43074953303892605 0.8740526197707922 0.3471234175946884 0.8740526197707922
0 0.6646031227433081 0.12575557411582733 0.7518106851766738 0.12575557411582733 0.7518106851766738 0.26619755970652514 0.6646031227433081 0.26619755970652514
0 0.666169482613297 0.2786255122239248 0.7543295440755966 0.2786255122239248 0.7543295440755966 0.41906749781462255 0.666169482613297 0.41906749781462255
0 0.672214743970711 0.434862629585504 0.7548333158553805 0.434862629585504 0.7548333158553805 0.5692436925199327 0.672214743970711 0.5692436925199327
0 0.6717109721909266 0.5843653884401193 0.7513069133968885 0.5843653884401193 0.7513069133968885 0.7187464513745481 0.6717109721909266 0.7187464513745481
0 0.6701996568515716 0.7412759416523955 0.7497955980575334 0.7412759416523955 0.7497955980575334 0.8702695177812524 0.6701996568515716 0.8702695177812524
1 0.12219763037350245 0.0 0.33684042459478514 0.0 0.33684042459478514 0.1164772727272727 0.12219763037350245 0.1164772727272727
1 0.4260978241719521 0.0014204545454545455 0.6566794397463003 0.0014204545454545455 0.6566794397463003 0.11221590909090906 0.4260978241719521 0.11221590909090906
1 0.7459368393234672 0.0014204545454545455 0.9648299859055671 0.0014204545454545455 0.9648299859055671 0.11647727272727271 0.7459368393234672 0.11647727272727271
1 0.11900986610288938 0.8877840909090909 0.3389656007751938 0.8877840909090909 0.3389656007751938 1.0000000000000002 0.11900986610288938 1.0000000000000002
1 0.4314107646229737 0.8948863636363633 0.6566794397463003 0.8948863636363633 0.6566794397463003 0.9957386363636356 0.4314107646229737 0.9957386363636356
1 0.7480620155038759 0.8835227272727273 0.9669551620859755 0.8835227272727273 0.9669551620859755 0.9971590909090913 0.7480620155038759 0.9971590909090913
0 0.6694304968287527 0.8849431818181819 0.748062015503876 0.8849431818181819 0.748062015503876 0.9957386363636365 0.6694304968287527 0.9957386363636365
0 0.04250352360817477 0.8849431818181819 0.11794727801268498 0.8849431818181819 0.11794727801268498 0.9985795454545456 0.04250352360817477 0.9985795454545456
0 0.35065406976744184 0.8948863636363636 0.42928558844256515 0.8948863636363636 0.42928558844256515 0.9985795454545455 0.35065406976744184 0.9985795454545455
0 0.044628699788583505 0.0014204545454545455 0.12113504228329793 0.0014204545454545455 0.12113504228329793 0.11931818181818178 0.044628699788583505 0.11931818181818178
0 0.3474663054968287 0.0 0.42397264799154344 0.0 0.42397264799154344 0.109375 0.3474663054968287 0.109375
0 0.6673053206483439 0.0 0.7448742512332628 0.0 0.7448742512332628 0.11789772727272727 0.6673053206483439 0.11789772727272727
