1 0.11440328146712402 0.12945035462794083 0.33727168016330433 0.12945035462794083 0.33727168016330433 0.19572133472376418 0.11440328146712402 0.19572133472376418
1 0.11673755682830934 0.19821439424304196 0.33727168016330455 0.19821439424304196 0.33727168016330455 0.2644117914948034 0.11673755682830934 0.2644117914948034
0 0.041634031387154116 0.13238830733060816 0.1169881873688628 0.13238830733060816 0.1169881873688628 0.19402371747562977 0.041634031387154116 0.19402371747562977
0 0.040945865579101966 0.20000327219119107 0.11753648388358161 0.20000327219119107 0.11753648388358161 0.262371638298894 0.040945865579101966 0.262371638298894
1 0.11553201049774557 0.3592191252180336 0.3339409576523313 0.3592191252180336 0.3339409576523313 0.4252572136859425 0.11553201049774557 0.4252572136859425
1 0.1159483508116171 0.2816400610677954 0.33435729796620234 0.2816400610677954 0.33435729796620234 0.35335996771752226 0.1159483508116171 0.35335996771752226
0 0.03829642721810125 0.35836947900410854 0.11488704552258089 0.35836947900410854 0.11488704552258089 0.4239340022925215 0.03829642721810125 0.4239340022925215
0 0.03829642721810125 0.2861434525605775 0.11488704552258089 0.2861434525605775 0.11488704552258089 0.35170797584899044 0.03829642721810125 0.35170797584899044
1 0.11280697553425215 0.5060156621518783 0.33394095765233095 0.5060156621518783 0.33394095765233095 0.5748946597106964 0.11280697553425215 0.5748946597106964
1 0.11493215171466087 0.4341600568825654 0.3339409576523307 0.4341600568825654 0.3339409576523307 0.5030390544413826 0.11493215171466087 0.5030390544413826
0 0.036590230999790196 0.5077633126478335 0.11374958137704022 0.5077633126478335 0.11374958137704022 0.5733278359362464 0.036590230999790196 0.5733278359362464
0 0.036590230999790196 0.43515714922302073 0.11431831344981055 0.43515714922302073 0.11431831344981055 0.5007216725114337 0.036590230999790196 0.5007216725114337
1 0.11621339628411018 0.6635836093802999 0.33734737840218876 0.6635836093802999 0.33734737840218876 0.729213167946927 0.11621339628411018 0.729213167946927
1 0.11727598437431457 0.5877866934882039 0.33734737840218915 0.5877866934882039 0.33734737840218915 0.6558486312444561 0.11727598437431457 0.6558486312444561
0 0.03961816055521952 0.6615758585619776 0.11639901973804093 0.6615758585619776 0.11639901973804093 0.7271403818503905 0.03961816055521952 0.7271403818503905
0 0.039996651749648296 0.5871993972153366 0.11602052854361222 0.5871993972153366 0.11602052854361222 0.6542818074700075 0.039996651749648296 0.6542818074700075
1 0.11871706365894763 0.8110135099489325 0.3377258695966173 0.8110135099489325 0.3377258695966173 0.8794839776064663 0.11871706365894763 0.8794839776064663
1 0.11727598437431457 0.7419103368828265 0.33734737840218887 0.7419103368828265 0.33734737840218887 0.8061194409039977 0.11727598437431457 0.8061194409039977
0 0.04113212533293422 0.8113407058994335 0.1182914757101843 0.8113407058994335 0.1182914757101843 0.8769052291878463 0.04113212533293422 0.8769052291878463
0 0.03999665174964817 0.7379761691969636 0.11715600212689824 0.7379761691969636 0.11715600212689824 0.8045526171295484 0.03999665174964817 0.8045526171295484
1 0.43177113172733267 0.1932051489470318 0.6560524822501056 0.1932051489470318 0.6560524822501056 0.264029789941629 0.43177113172733267 0.264029789941629
1 0.43245522862310876 0.12836333951728915 0.6556739910556771 0.12836333951728915 0.6556739910556771 0.19066525323915923 0.43245522862310876 0.19066525323915923
0 0.3488553339049091 0.12328098553306031 0.43227135232794844 0.12328098553306031 0.43227135232794844 0.18800276584280645 0.3488553339049091 0.18800276584280645
0 0.3492716742187804 0.19563359759135812 0.43143867170020506 0.19563359759135812 0.43143867170020506 0.26202505356398803 0.3492716742187804 0.26202505356398803
1 0.4313982660245113 0.3521316743578569 0.6606322257026928 0.3521316743578569 0.6606322257026928 0.4237620950241779 0.4313982660245113 0.4237620950241779
1 0.4318146063383829 0.28014451605586044 0.6610485660165634 0.28014451605586044 0.6610485660165634 0.34751357308581754 0.4318146063383829 0.34751357308581754
0 0.3471899726494223 0.2774477050726644 0.4306059910724617 0.2774477050726644 0.4306059910724617 0.345508836708178 0.3471899726494223 0.345508836708178
0 0.3471899726494218 0.3542527855653192 0.43060599107246117 0.3542527855653192 0.43060599107246117 0.42287047575512726 0.3471899726494218 0.42287047575512726
1 0.42987586300938446 0.5035156011259879 0.6622975869581778 0.5035156011259879 0.6622975869581778 0.5751460217923078 0.42987586300938446 0.5751460217923078
1 0.42904318238164146 0.43035720939596606 0.6614649063304344 0.43035720939596606 0.6614649063304344 0.5005671755168322 0.42904318238164146 0.5005671755168322
0 0.348022653277165 0.5056367123334501 0.42977331044471817 0.5056367123334501 0.42977331044471817 0.5732424778790861 0.348022653277165 0.5732424778790861
0 0.34802265327716486 0.4299447489493844 0.429773310444718 0.4299447489493844 0.429773310444718 0.49856243913919246 0.34802265327716486 0.49856243913919246
1 0.42959149697299914 0.6575711719247659 0.6620132209217925 0.6575711719247659 0.6620132209217925 0.7306220471365414 0.42959149697299914 0.7306220471365414
1 0.4298758630093843 0.586185276286063 0.6622975869581774 0.586185276286063 0.6622975869581774 0.6549747878614752 0.4298758630093843 0.6549747878614752
0 0.348022653277165 0.6614928746589643 0.42977331044471817 0.6614928746589643 0.42977331044471817 0.7290986402046005 0.348022653277165 0.7290986402046005
0 0.3483070193135502 0.5850853414213341 0.4300576764811034 0.5850853414213341 0.4300576764811034 0.6526911069669702 0.3483070193135502 0.6526911069669702
1 0.42873036390917396 0.8114301363066907 0.6594280751364712 0.8114301363066907 0.6594280751364712 0.8799122070580929 0.42873036390917396 0.8799122070580929
1 0.43085554008958254 0.7388966690391517 0.6594280751364713 0.7388966690391517 0.6594280751364713 0.8059582852451 0.43085554008958254 0.8059582852451
0 0.3498322553268883 0.8111286136544131 0.42922209754173263 0.8111286136544131 0.42922209754173263 0.8776976419783715 0.3498322553268883 0.8776976419783715
0 0.3506868489749276 0.7377287607698091 0.4292220975417326 0.7377287607698091 0.4292220975417326 0.8042977890937676 0.3506868489749276 0.8042977890937676
1 0.7532718205812947 0.19832520026804223 0.9638233686657964 0.19832520026804223 0.9638233686657964 0.2701484402344322 0.7532718205812947 0.2701484402344322
1 0.7519507179125583 0.12406383763104088 0.9635648540872628 0.12406383763104088 0.9635648540872628 0.19446662305197676 0.7519507179125583 0.19446662305197676
0 0.6699304404416297 0.12362656460695273 0.7533464588646691 0.12362656460695273 0.7533464588646691 0.19214971472951634 0.6699304404416297 0.19214971472951634
0 0.6691548967060331 0.1997230766780797 0.7525709151290725 0.1997230766780797 0.7525709151290725 0.2674859528380798 0.6691548967060331 0.2674859528380798
1 0.754274670801123 0.35246062790908494 0.966951395066033 0.35246062790908494 0.966951395066033 0.421442958784566 0.754274670801123 0.421442958784566
1 0.7534215726919666 0.2799545578639444 0.9660982969568755 0.2799545578639444 0.9660982969568755 0.3461758364907809 0.7534215726919666 0.3461758364907809
0 0.6728516551790403 0.3506374582469314 0.7537083792746132 0.3506374582469314 0.7537083792746132 0.4184003344069315 0.6728516551790403 0.4184003344069315
0 0.6725672891426548 0.27917170576596384 0.7534240132382276 0.27917170576596384 0.7534240132382276 0.3442736230569918 0.6725672891426548 0.3442736230569918
1 0.7546187747078845 0.5075565162720358 0.9683732252479587 0.5075565162720358 0.9683732252479587 0.5765388471475165 0.7546187747078845 0.5765388471475165
1 0.7569534408693418 0.4286882109247783 0.9686575912843434 0.4286882109247783 0.9686575912843434 0.5005114508911684 0.7569534408693418 0.5005114508911684
0 0.6700079948151878 0.5061134835911641 0.7548458434201536 0.5061134835911641 0.7548458434201536 0.5738763597511642 0.6700079948151878 0.5738763597511642
0 0.6694392627424173 0.43046622431609743 0.7545614773837681 0.43046622431609743 0.7545614773837681 0.49822910047609753 0.6694392627424173 0.49822910047609753
1 0.7524338606570996 0.6606516263489054 0.971501251648196 0.6606516263489054 0.971501251648196 0.7282135026789318 0.7524338606570996 0.7282135026789318
1 0.7529277166745336 0.585004367073839 0.9709325195754258 0.585004367073839 0.9709325195754258 0.6525662434038648 0.7529277166745336 0.6525662434038648
0 0.6731360212154249 0.657408002141296 0.7528552811654575 0.657408002141296 0.7528552811654575 0.7251708783012961 0.6731360212154249 0.7251708783012961
0 0.6728516551790398 0.5821408798475111 0.7525709151290724 0.5821408798475111 0.7525709151290724 0.6499037560075112 0.6728516551790398 0.6499037560075112
1 0.7497115368030172 0.8123428905539021 0.9677163397039086 0.8123428905539021 0.9677163397039086 0.8784843123384738 0.7497115368030172 0.8784843123384738
1 0.7489545544141598 0.7385698239501497 0.9669593573150527 0.7385698239501497 0.9669593573150527 0.8036018886697442 0.7489545544141598 0.8036018886697442
0 0.6697296004655668 0.808184774122924 0.7494488604155994 0.808184774122924 0.7494488604155994 0.8759476502829241 0.6697296004655668 0.8759476502829241
0 0.668972618076709 0.736338124386712 0.7486918780267414 0.736338124386712 0.7486918780267414 0.8010652266141963 0.668972618076709 0.8010652266141963
1 0.12219763037350245 0.052556818181818184 0.34215336504580685 0.052556818181818184 0.34215336504580685 0.11363636363636363 0.12219763037350245 0.11363636363636363
1 0.42716041226215623 0.048295454545454544 0.6556168516560957 0.048295454545454544 0.6556168516560957 0.11363636363636366 0.42716041226215623 0.11363636363636366
1 0.7501871916842847 0.05965909090909092 0.966955162085976 0.05965909090909092 0.966955162085976 0.1150568181818182 0.7501871916842847 0.1150568181818182
1 0.11688468992248062 0.8863636363636364 0.34109077695560247 0.8863636363636364 0.34109077695560247 0.9417613636363635 0.11688468992248062 0.9417613636363635
1 0.42503523608174765 0.890625 0.6609297921071177 0.890625 0.6609297921071177 0.9545454545454545 0.42503523608174765 0.9545454545454545
1 0.7448742512332628 0.8863636363636364 0.9637673978153629 0.8863636363636364 0.9637673978153629 0.9446022727272727 0.7448742512332628 0.9446022727272727
0 0.0414409355179704 0.8835227272727273 0.11688468992248062 0.8835227272727273 0.11688468992248062 0.9389204545454545 0.0414409355179704 0.9389204545454545
0 0.3485288935870331 0.890625 0.426097824171952 0.890625 0.426097824171952 0.953125 0.3485288935870331 0.953125
0 0.6673053206483439 0.8849431818181819 0.7459368393234672 0.8849431818181819 0.7459368393234672 0.9446022727272728 0.6673053206483439 0.9446022727272728
0 0.04250352360817477 0.9403409090909091 0.11582210183227626 0.9403409090909091 0.11582210183227626 0.9928977272727273 0.04250352360817477 0.9928977272727273
0 0.3485288935870331 0.9588068181818181 0.4250352360817477 0.9588068181818181 0.4250352360817477 0.9971590909090908 0.3485288935870331 0.9971590909090908
0 0.670493084918957 0.9488636363636364 0.7469994274136716 0.9488636363636364 0.7469994274136716 0.9971590909090908 0.670493084918957 0.9971590909090908
1 0.7491246035940806 0.9502840909090909 0.9637673978153632 0.9502840909090909 0.9637673978153632 0.995738636363636 0.7491246035940806 0.995738636363636
1 0.42503523608174765 0.9573863636363636 0.661992380197322 0.9573863636363636 0.661992380197322 0.9985795454545455 0.42503523608174765 0.9985795454545455
1 0.11688468992248062 0.9417613636363636 0.34002818886539815 0.9417613636363636 0.34002818886539815 0.9957386363636365 0.11688468992248062 0.9957386363636365
0 0.04356611169837914 0.05113636363636363 0.12007245419309373 0.05113636363636363 0.12007245419309373 0.11505681818181816 0.04356611169837914 0.11505681818181816
0 0.3485288935870331 0.04971590909090908 0.4282230003523607 0.04971590909090908 0.4282230003523607 0.10369318181818181 0.3485288935870331 0.10369318181818181
0 0.6662427325581395 0.05397727272727273 0.7501871916842848 0.05397727272727273 0.7501871916842848 0.11221590909090909 0.6662427325581395 0.11221590909090909
0 0.6694304968287527 0.0014204545454545455 0.7469994274136715 0.0014204545454545455 0.7469994274136715 0.046875 0.6694304968287527 0.046875
0 0.3485288935870328 0.004261363636363636 0.4260978241719517 0.004261363636363636 0.4260978241719517 0.04829545454545455 0.3485288935870328 0.04829545454545455
0 0.04356611169837914 0.0014204545454545455 0.11900986610288936 0.0014204545454545455 0.11900986610288936 0.046875 0.04356611169837914 0.046875
1 0.7501871916842847 0.0014204545454545455 0.9605796335447497 0.0014204545454545455 0.9605796335447497 0.05539772727272728 0.7501871916842847 0.05539772727272728
1 0.42822300035236077 0.005681818181818182 0.6545542635658915 0.005681818181818182 0.6545542635658915 0.045454545454545456 0.42822300035236077 0.045454545454545456
1 0.12113504228329809 0.004261363636363636 0.33790301268498946 0.004261363636363636 0.33790301268498946 0.04829545454545455 0.12113504228329809 0.04829545454545455
